msg_bytes, qos, sent_bytes
0, 0, 133
1, 0, 134
10, 0, 143
100, 0, 233
1000, 0, 1134
10000, 0, 10314
0, 1, 133
1, 1, 190
10, 1, 199
100, 1, 289
1000, 1, 1190
10000, 1, 10370
0, 2, 133
1, 2, 308
10, 2, 317
100, 2, 407
1000, 2, 1308
10000, 2, 10488


100 msgs with 10 bytes and 10000 bytes
msg_size, packet_loss, sent_bytes_qos1, sent_bytes_qos2
10, 5%, 18789, 27389
10000, 5%, 1088600, 1133308
10, 10%, 17767, 26371
10000, 10%, 1935283, 1181716
10, 15%, 12034, 22131
10000, 15%, >5808636 (unstable), >3857552 (unstable)

